e = 2. 
7182818284 5904523536 0287471352 6624977572 4709369995 9574966967 6277240766 3035354759 4571382178 5251664274 2
746639193 2003059921 8174135966 2904357290 0334295260 5956307381 3232862794 3490763233 8298807531 9525101901 15
73834187 9307021540 8914993488 4167509244 7614606680 8226480016 8477411853 7423454424 3710753907 7744992069 551
7027618 3860626133 1384583000 7520449338 2656029760 6737113200 7093287091 2744374704 7230696977 2093101416 9283
681902 5515108657 4637721112 5238978442 5056953696 7707854499 6996794686 4454905987 9316368892 3009879312 77361
78215 4249992295 7635148220 8269895193 6680331825 2886939849 6465105820 9392398294 8879332036 2509443117 301238
1970 6841614039 7019837679 3206832823 7646480429 5311802328 7825098194 5581530175 6717361332 0698112509 9618188
159 3041690351 5988885193 4580727386 6738589422 8792284998 9208680582 5749279610 4841984443 6346324496 84875602
33 6248270419 7862320900 2160990235 3043699418 4914631409 3431738143 6405462531 5209618369 0888707016 768396424
3 7814059271 4563549061 3031072085 1038375051 0115747704 1718986106 8739696552 1267154688 9570350354 0212340784 
9819334321 0681701210 0562788023 5193033224 7450158539 0473041995 7777093503 6604169973 2972508868 7696640355 5
707162268 4471625607 9882651787 1341951246 6520103059 2123667719 4325278675 3985589448 9697096409 7545918569 56
38023637 0162112047 7427228364 8961342251 6445078182 4423529486 3637214174 0238893441 2479635743 7026375529 444
8337998 0161254922 7850925778 2562092622 6483262779 3338656648 1627725164 0191059004 9164499828 9315056604 7258
027786 3186415519 5653244258 6982946959 3080191529 8721172556 3475463964 4791014590 4090586298 4967912874 06870
50489 5858671747 9854667757 5732056812 8845920541 3340539220 0011378630 0945560688 1667400169 8420558040 336379
5376 4520304024 3225661352 7836951177 8838638744 3966253224 9850654995 8862342818 9970773327 6171783928 0349465
014 3455889707 1942586398 7727547109 6295374152 1115136835 0627526023 2648472870 3920764310 0595841166 12054529
70 3023647254 9296669381 1513732275 3645098889 0313602057 2481765851 1806303644 2812314965 5070475102 544650117
2 7211555194 8668508003 6853228183 1521960037 3562527944 9515828418 8294787610 8526398139 5599006737 6482922443 
7528718462 4578036192 9819713991 4756448826 2603903381 4418232625 1509748279 8777996437 3089970388 8677822713 8
360577297 8824125611 9071766394 6507063304 5279546618 5509666618 5664709711 3444740160 7046262156 8071748187 78
44371436 9882185596 7095910259 6862002353 7185887485 6965220005 0311734392 0732113908 0329363447 9727355955 277
3490717 8379342163 7012050054 5132638354 4000186323 9914907054 7977805669 7853358048 9669062951 1943247309 9587
655236 8128590413 8324116072 2602998330 5353708761 3893963917 7957454016 1372236187 8936526053 8155841587 18692
55386 0616477983 4025435128 4396129460 3529133259 4279490433 7299085731 5802909586 3138268329 1477116396 337092
4003 1689458636 0606458459 2512699465 5724839186 5642097526 8508230754 4254599376 9170419777 8008536273 0941710
163 4349076964 2372229435 2366125572 5088147792 2315197477 8060569672 5380171807 7636034624 5927877846 58506560
50 7808442115 2969752189 0874019660 9066518035 1650179250 4619501366 5854366327 1254963990 8549144200 014574760
8 1930221206 6024330096 4127048943 9039717719 5180699086 9986066365 8323227870 9376502260 1492910115 1717763594 
4602023249 3002804018 6772391028 8097866605 6511832600 4368850881 7157238669 8422422010 2495055188 1694803221 0
025154264 9463981287 3677658927 6881635983 1247788652 0141174110 9136011649 9507662907 7943646005 8519419985 60
16264790 7615321038 7275571269 9251827568 7989302761 7611461625 4935649590 3798045838 1823233686 1201624373 656
9846703 7858533052 7583333793 9907521660 6923805336 9887956513 7285593883 4998947074 1618155012 5397064648 1719
467083 4819721448 8898790676 5037959036 6967249499 2545279033 7296361626 5897603949 8576741397 3594410237 44329
70935 5477982629 6145914429 3645142861 7158587339 7467918975 7121195618 7385783644 7584484235 5558105002 561149
2391 5188930994 6342841393 6080383091 6628188115 0371528496 7059741625 6282360921 6807515017 7725387402 5642534
708 7908913729 1722828611 5159156837 2524163077 2254406337 8759310598 2676094420 3261924285 3170187817 72960235
41 3060672136 0460003896 6109364709 5141417185 7770141806 0644363681 5464440053 3160877831 4317444081 194942297
5 5993140118 8868331483 2802706553 8330046932 9011574414 7563139997 2217038046 1709289457 9096271662 2607407187 
4997535921 2756084414 7378233032 7033016823 7193648002 1732857349 3594756433 4129943024 8502357322 1459784328 2
641421684 8787216733 6701061509 4243456984 4018733128 1010794512 7223737886 1260581656 6805371439 6127888732 52
73738903 9289050686 5324138062 7960259303 8772769778 3792868409 3253658807 3398845721 8746021005 3114833513 238
5004782 7169376218 0049047955 9795929059 1655470505 7775143081 7511269898 5188408718 5640260353 0558373783 2422
924185 6256442550 2267215598 0274012617 9719280471 3960068916 3828665277 0097527670 6977703643 9260224372 84184
08832 5184877047 2638440379 5301669054 6593746161 9323840363 8931313643 2713768884 1026811219 8912752230 562567
5625 4701725086 3497653672 8860596675 2740868627 4079128565 7699631378 9753034660 6166698042 1826772456 0530660
773 8996242183 4085988207 1864682623 2150802882 8635974683 9654358856 6855037731 3129658797 5810501214 91620765
67 6995065971 5344763470 3208532156 0367482860 8378656803 0730626576 3346977429 5634643716 7093971930 608769634
9 5328846833 6130388294 3104080029 6873869117 0666661468 0001512114 3442256023 8744743252 5076938707 7775193299 
9421372772 1125884360 8715834835 6269616619 8057252661 2206797540 6210620806 4988291845 4395301529 9820925030 0
549825704 3390553570 1686531205 2649561485 7249257386 2069174036 9521353373 2531666345 4665885972 8665945113 64
41370331 3936721185 6955395210 8458407244 3238355860 6310680696 4924851232 6326995146 0359603729 7253198368 423
3639046 3213671011 6192821711 1502828016 0448805880 2382031981 4930963695 9673583274 2024988245 6849412738 6056
649135 2526706046 2344505492 2758115170 9314921879 5927180019 4096886698 6837037302 2004753143 3818109270 80300
17205 9355305207 0070607223 3999463990 5713115870 9963577735 9027196285 0611465148 3752620956 5346713290 025994
3976 6311454590 2685898979 1158370934 1937044115 5121920117 1648805669 4593813118 3843765620 6278463104 9034629
395 0029458341 1648241149 6975832601 1800731699 4373935069 6629571241 0273239138 7417549230 7186245454 32220395
52 7352952402 4590380574 4502892246 8862853365 4221381572 2131163288 1120521464 8980518009 2024719391 710555390
1 1394331668 1515828843 6876069611 0250517100 7392762385 5533862725 5353883096 0671644662 3709226468 0967125406 
1869502143 1762116681 4009759528 1493907222 6011126811 5310838731 7617323235 2636058381 7315103459 5736538223 5
349929358 2283685100 7810884634 3499835184 0445170427 0189381994 2434100905 7537625776 7571118090 0881641833 19
20196262 3416288166 5213747173 2547772778 3488774366 5188287521 5668571950 6371936565 3903894493 6642176400 312
1527870 2223664636 3575550356 5576948886 5495002708 5392361710 5502131147 4137441061 3444554419 2101336172 9962
856948 9919336918 4729478580 7291560885 1039678195 9429833186 4807560836 7955149663 6448965592 9481878517 84038
77332 6247051945 0504198477 4201418394 7731202815 8868457072 9054405751 0601285258 0565947030 4683634459 265255
2137 0080687520 0959345360 7316226118 7281739280 7462309468 5367823106 0979215993 6001994623 7993434210 6878134
973 4695924646 9752506246 9586169091 7857397659 5199392993 9955675427 1465491045 6860702099 0126068187 04984178
07 9173924071 9459963230 6025470790 1774527513 1868099822 8473086076 6536866855 5164677029 1133682756 310722334
6 7261137054 9079536583 4538637196 2358563126 1838715677 4118738527 7229225947 4337378569 5538456246 8010139057 
2787101651 2966636764 4518724656 5373040244 3684140814 4887329578 4734849000 3019477888 0204603246 6084287535 1
848364959 1950828883 2320652212 8104190448 0472479492 9134228495 1970022601 3104300624 1071797150 2793433263 40
79959605 3144605323 0488528972 9176598760 1666781193 7932372453 8572096075 8227717848 3361613582 6128962261 181
2945592 7462767137 7944875867 5365754486 1407611931 1259585126 5575973457 3015333642 6307679854 4338576171 5333
462325 2705720053 0398828949 9034259566 2329757824 8873502925 9166825894 4568946559 9265845476 2694528780 51650
17206 7478541788 7982276806 5366506419 1097343452 8878338621 7261562695 8265447820 5672987756 4263253215 942944
1803 9943217000 0905426507 6309558846 5895171709 1476074371 3689331946 9090981904 5012903070 9956622662 0303182
649 3657336984 1955577696 3787624918 8528656866 0760056602 5605445711 3372868402 0557441603 0837052312 24258722
34 3885412317 9481388550 0756893811 2493538631 8635287083 7998456926 1998179452 3364087429 5911807474 534195514
2 0351726184 2008455091 7084568236 8200897739 4558426792 1427347756 0879644279 2027083121 5015640634 1341617166 
4480698154 8376449157 3900121217 0415478725 9199894382 5364950514 7713793991 4720521952 9079396137 6211072384 9
429061635 7604596231 2535060685 3765142311 5349665683 7151166042 2079639446 6621163255 1577290709 7847315627 82
77598788 1364919512 5748332879 3771571459 0910648416 4267830994 9723674420 1758622694 0215940792 4480541255 360
4313179 9269673915 7542419296 6073123937 6354213923 0617876753 9587114361 0408940996 6089471418 3406983629 9367
536262 1545247298 4642137528 9107988438 1306095552 6227208375 1862983706 6787224430 1957937937 8607210725 42772
89071 7328548743 7435578196 6511716618 3308811291 2024520404 8682200072 3440350254 4820283425 4187884653 602591
5064 4527165770 0044521097 7355858976 2265548494 1621714989 5323834216 0011406295 0718490427 7892585527 4303522
139 6835679018 0764060421 3830730877 4460170842 6882722611 7718084266 4333651780 0021719034 4923426426 62922614
56 0043373838 6833555534 3453004264 8184739892 1562708609 5650629340 4052649432 4426144566 5921291225 648893569
6 5500915430 6426134252 6684725949 1431423939 8845432486 3274618428 4665598533 2312210466 2598901417 1210344608 
4271616619 0012571958 7079321756 9698544013 3976220967 4945418540 7118446433 9469901626 9835160784 8924514058 9
409463952 6780735457 9700307051 1636825194 8770118976 4002827648 4141605872 0618418529 7189154019 6882532893 09
14966534 5753571427 3184820163 8464483249 9037886069 0080727093 2767312758 1966563941 1489617168 3298045513 972
9506687 6047409154 2042842999 3541025829 1135022416 9076943166 8574242522 5090269390 3481485645 1303069925 1995
904363 8402842926 7412573422 4477655841 7788617173 7265462085 4982944989 4678735092 9581652632 0722589923 68768
45701 7823038096 5678831122 8930580914 0572610865 8848458731 0165815116 7533327674 8870148291 6741970151 255978
2572 7074064318 0860142814 9024146780 4723275976 8426963393 5773542930 1867394397 1638861176 4209004068 6633988
568 4168100387 2389214483 1760701166 8450388721 2364367043 3140911557 3328018297 7988736590 9166596124 02021778
55 8854876176 1619893707 9438005666 3364884365 0891448055 7103976521 4696027662 5835990519 8704230017 946553678
8 5674302859 7460014378 5483237068 7011900784 9940493091 8919181649 3272597740 3007487968 1484882342 9320230121 
2803232746 0392099700 2205327217 4347332260 3693861705 5821885094 3408127601 6425432027 5009704167 2475447711 5
099366370 0261111095 6127558942 2075816720 1921374136 7033094736 0051146307 0616199088 0650280081 2881096023 15
69392897 1191971005 5330388828 9247782237 3862863051 4531622591 3038790659 7688632467 8066393810 7518010596 240
4940813 7902257570 2063461509 8936846303 2249176421 6525981258 4829579262 7430987502 7887475606 4065955576 4402
879461 1066794389 9306836276 7206195981 8864725833 2897966290 0029463474 7433384923 4123693539 1387184864 16065
60065 9229018758 9525878663 7714358577 5574293904 6068767927 1349909810 1682392454 7947005898 2889592614 252863
2538 6072081188 2406013493 0402662748 0058027249 3967772291 0825357726 7958398545 5389765023 2943203288 3747442
721 5659693131 2463757043 2159269517 4442409046 6599465372 9154119252 1754409653 6961402257 7035085185 44141372
04 0853796886 3308960825 8281968129 7660355842 6789986517 7786550656 3421820315 7947175427 5627485457 665654634
1 8687458280 2431695932 7863764503 4378430541 9408402108 0407302503 9710153397 7020368635 2497805788 7168883025 
9478220197 7459242639 8946358270 3667719830 9432464665 0939654116 8423208269 0788774531 4313791575 4695995474 4
008403005 6573405828 5292376814 4859336244 4008923572 4689972892 7043206989 8347029667 8060228947 5721360662 39
25845091 2910485104 0678026159 8349381963 4376714660 7676184394 2733176135 9008278693 8403456764 9658105641 831
6512879 3495582088 2830386273 4785538205 6509539873 0175228645 7969866492 3014304715 8227256329 3087182132 2438
572721 2333551545 4104285984 1169357884 5211779882 1409184994 6859420890 9682405025 9561195620 4546177155 82390
26311 9990555388 8675121001 5863944471 6490230053 6357604977 4687058721 2625331068 2707908378 7905752131 842095
0243 4694380527 2945098433 5286194264 4725740081 8376457508 8910579552 8113283459 2138200375 1050688903 2790803
321 5939556673 9596257552 9337247418 1764407185 7338620253 5749504364 5717421238 5202231029 5857855795 49371076
26 9616768716 6318806453 3153340569 9155809327 8685916705 7594057397 6959693005 7997274840 1925626664 907335123
7 6603879895 0435460773 0228310507 1092231449 9726830077 6587235839 1335791779 0343102811 2723651386 6645858672 
4691368435 9782199136 1164757553 7717853437 1242545362 4210003173 8085383299 2768785614 0100445860 4539371690 1
376043037 8038078139 6132315569 8459270258 0042223645 6938499180 0224089230 6140887428 8576654010 5209831128 52
02511484 2298753888 1630873435 5386219373 3860111732 9010048849 0982777767 2503086054 7634794781 5458143983 431
2928906 0055826928 0715542093 7571233487 4746182093 4617897638 0585739636 9384638864 7827788292 6949494975 9071
155073 2095221054 7617782873 0167003136 9096426132 9610837706 9391787450 4249632337 6788853765 7723938382 68390
08916 6818296049 7374721526 0344437439 3267779625 4688655924 8193583957 2059681151 8673821915 8304540428 119264
6119 9465690446 4549829300 1520536430 9094031364 0211892580 0979297168 6909269847 2905785250 1440801284 1472337
901 6155318584 0974230802 7414693898 5588033712 2441267519 8347442923 1962730658 6210604278 9142186932 55561274
36 4498374314 0976562563 2739782563 3197095378 8121647666 8006843795 9557203636 3190062931 1753573801 601070450
7 0149440041 3052870037 3554921949 8467805454 1636231807 9787099208 6039852091 4721617748 9339742507 8098730391 
0944134137 8843184970 4613825506 1482138618 3367179355 8827352503 1240916307 5997546940 4906491565 9475060313 8
605878923 1036627979 8164921325 7131064661 8080889765 0649997833 5053887491 6113279319 6090794982 7147217148 75
76588533 4259555938 9614819374 1583087776 3411350346 8214762726 0384052224 1701773683 2787780572 6607276748 862
0801869 1861621604 1757521707 8369575400 5224409190 0227917913 3791704909 0163678259 7737459342 9945598199 2039
536020 4248196931 2294150829 9938821351 4546833081 4574746713 7281227829 9170452778 5643296019 2298993475 16588
49912 5613914380 7310656535 2438206459 7448250591 8866964780 0071851256 8320119064 8270133010 0166344041 356872
7592 9937551083 7916853748 2563990431 0081580950 7373052004 0949013990 6030766073 3849017556 9821378310 1032354
479 9566435161 4985591364 5326097293 6705852585 7323880541 6208167636 0141293001 2875986129 6083790427 73775048
25 9827889104 8084406290 8495394954 6533892517 5834414678 8786880591 8241394291 5794654665 9775320831 670856345
0 6435334447 1569553039 4314765894 2862210412 2017128496 2821087031 0175326425 5157080640 9502840090 1971866160 
9815022263 7311233447 7975783405 8076044881 2616040771 1362220318 3825332712 0903075282 0988216045 2042999215 4
627344161 6665812760 2265516517 4814213823 6520834424 1134210156 1648332695 2664017888 2242568603 1523156710 40
53302055 1531149420 4821465896 6757115694 0215171432 1183169183 3920412077 4720545652 1193442328 1689021072 885
0022387 2287324907 0299164040 8097533619 9899507380 1916352792 0008467613 8653588010 5857735396 1130638398 7124
611627 6349663039 5238151856 5939657478 5864481478 6761282121 2726359489 9453850724 4150392811 6440942628 87371
42992 3916940563 0187223061 9746851129 4866470485 6599877867 2432538748 5275375700 0955455074 9546510891 022258
1406 8461452124 3536456455 0990768992 5119892265 7113805520 0043622434 1378298797 5547487127 6765325439 8206915
289 7839845367 4254451957 9662982064 2998522009 3513021133 2230906790 2657005064 3295076598 8351568429 97821209
53 9035943582 3811274793 0489866858 0803244818 4479407071 5396030432 8568489225 2888570344 9902323176 985252406
6 5465592176 3422876413 4464959146 1887255751 8782965289 6754336163 4416929982 3868115093 2402757246 5565863246 
8532025847 6423629140 1797287516 4653946157 9918427623 9573098351 1914928335 7413381107 4638645565 0804362718 5
986894531 6232078153 8189428403 2950234616 8290809099 1043262295 8124037296 4338993433 1581841288 8605911286 50
49464707 2709417889 4427327216 1539939555 8415243832 2582735480 2724734652 9916266647 3634256312 4038466596 545
1957953 6873715370 6946033847 3109073671 5698726142 0371817118 1928031417 1088928106 9553505818 8230088786 5651
157438 5354035090 7401243590 7641726983 8042190083 3564483897 4227972680 5905431043 5801229565 2222751697 71481
98614 7798954075 8489611926 9907890846 4223118119 7024153590 2760192434 6410827944 1309354735 2645972701 070427
0452 4769155157 7551132446 6802535888 3762554333 2328693894 7856966024 4641920324 0222004104 0068009060 9061289
081 9619947840 4473290351 4957044985 3011869527 4924022821 6406429281 9503642771 8331284087 6022556919 60926817
64 6193420402 6197981935 1498539618 2119840676 3385388437 9684205463 3750223939 1118446368 9979589656 203791483
0 5245051360 0634024785 3900827732 4724819942 5509603632 0571143655 3092829072 6318762682 8766230469 0283658973 
4866134610 8872166891 5531947756 7667152645 3660625392 3825007191 8788290887 6062314831 5417733171 5343383981 9
560316376 4631177641 7310175403 1386383609 1212119026 4171903053 5907080562 0311522362 9968630863 2743861426 27
27886632 4282802101 0533001245 9771642332 0593907763 4353979281 8997001873 5313396692 4193990565 6443136536 406
5291860 1049960262 0614218263 6321801550 5318050372 8344999984 7333793794 3060571277 5332957749 1080617368 8112
740666 5166357864 5832473646 1139363609 7392813168 8206258181 7217306484 3716006438 6289854688 1576297029 25623
44419 6625960213 2853425235 8504758603 1462467728 7206833662 3282652743 1529596527 4822567198 5949088333 337624
8208 1518057856 5876094004 1483174288 6293692578 2758004971 3924551414 6022263247 7631716710 9611491324 0075576
789 1599295065 6473471995 1306916440 1031539965 6776031440 7764792483 6624494995 0315985104 2438507918 10029846
12 0468756613 7135775039 6300892336 6823212927 9954497161 8689441685 4447572119 2657498881 5569813751 612157802
2 8001861881 1399119813 5176875456 2932995039 2714523083 5154005119 2538180952 2130807073 3928921319 1724964462 
8608940204 7967953471 9192427614 6230708605 8613647934 3129520073 8442673082 5669452063 6829296329 8697113328 5
871192311 3712919141 5681519377 0150807868 5326403067 9392017849 9327516957 7041843004 3335538687 7986234669 56
32457795 0127343042 5780428271 1076128702 5391644799 2383104287 7534197365 5796390004 7780007474 3231001564 088
6424160 2481405135 4399186993 0508197377 9351009136 0350178417 6725000899 5814024192 1267279975 6888501543 7203
205693 7877512339 0868337379 5731447659 3057621975 4455445506 8518578728 6577634064 3319624927 1518613781 61817
12646 5214122802 6690355131 7379012077 2993315736 7916998167 1132249290 6578741334 9481564743 8597097735 252286
0561 7937285813 4255268359 1660610397 1637976221 8739079794 6445100199 0205441435 2454719052 5631089590 1524001
573 9274804141 1992529865 1090138695 7819952170 6991313497 3150836245 5148218036 8779058901 9955900437 09753819
23 2703375791 0237161265 4552460728 1107725629 1272908294 3787027042 4966326865 6192401778 2676602068 339507824
0 3775811823 8456020595 6397066977 7255966662 2904147336 9280517061 3735499689 1015045326 2590362915 2501665696 
3472543676 3233795472 6398805625 0176507677 5959745277 5633272070 6642253061 7912287348 5437384642 7665874664 4
283739349 1779742559 6453373894 5685615517 6654672874 3840202427 6450403556 9818028218 1871404202 8436212295 79
21586919 0717577080 2804228531 6867007998 8515514316 1873508498 1955801729 4737887331 4479066361 4707287994 840
1809677 1765089277 1018931064 2714767497 6730350952 8284252805 7350597460 8778021088 5611420971 5452968850 0050
243716 1640365019 3524031874 4604282855 1948639400 6571500303 9917070233 9575967738 2190808078 1002822162 63315
81647 6513102261 3250179953 2724823061 7298277165 3288579606 4119030429 7140925694 6360831964 3594077411 331447
5547 1526508801 7644975241 8452767949 3774485231 8670589575 2020203568 6598402983 8926828493 8387788761 0144816
528 6321243450 2985287168 7799458567 8853124020 2728485268 3272658801 6430432615 0043664444 8459599161 35778027
21 4417727441 2436745881 6476763920 2766894629 0568177287 1028762271 3720155340 0921065009 5414293265 983182969
8 1146962289 7300627711 6863378262 1475619429 3373881613 3500213413 2551630106 4765012915 4745118438 7829238548 
1421397764 3514204524 5600799750 3871524803 5417474540 1452089425 9129088347 7027206150 5147306867 6545792366 0
384896721 0048881884 6481106546 7842847161 9361896794 8407003559 7324669179 4016742434 3372798103 7286041166 18
99020945 8518946399 1567713766 6126874415 0639466071 1404224561 1428339794 8187108091 8344625785 1573610219 857
0212277 6361582331 5881940207 1370407807 4242194437 2860351585 8580460341 0775162552 1214572401 3096895029 8811
614375 9866205471 3065702522 7089865274 7237644284 5340417659 0161517308 1734782556 9391957893 1648719423 84382
87619 5851089767 6294031206 1137095066 6917595887 0444427241 4054468168 6520853940 0818596053 6157037745 104984
6055 2811591820 3246889370 3073037114 1359130657 0327983599 9529659314 8223181030 3124836978 6253919118 6789497
594 0536633501 4515414665 1882478022 1172942001 7182434366 6618561914 9850852494 2547342527 6868205414 74655016
49 7554945132 7799795900 0848305728 3751601217 2046216595 8467400424 7017430743 5650688310 6444191686 875499113
8 8544088910 2761772629 1247908957 2382401002 7526387014 2381167739 3650184404 6753436355 5511754833 3977862271 
3819845752 7320010985 2794219634 6732190059 2919254990 2173548489 8932250897 6774471918 0006169521 1860487233 8
768432057 6862689472 3627853547 8106635454 8244975056 3268422244 0434229187 2941096820 2254243943 9246412405 31
58541536 3065122098 5857040675 9060600439 9433533323 1140434480 5485498182 1090289656 5375326886 7898685344 850
3789900 0329654274 2087933811 0223570971 4038236029 8365994126 5333842055 4432195680 1898220301 1741581530 8096
778857 4557211965 4418601479 8166547351 7638287029 2514359489 2702231518 1318095542 9916310279 6200892350 51319
43103 0081781734 7499965304 8547171397 8375583907 1229242423 5548702268 8060626266 9417944622 5751359181 869637
6236 8629996111 6911232561 2321571435 4859703195 1970612413 2575880698 5072997956 4749395822 6830995639 6665266
971 3018142213 5405117571 3842243247 7673113334 9482604083 7912417121 2104073862 6372678727 9109748751 72745802
78 5447171707 5138393435 6505589403 6358332896 8430335363 1354710662 2748543438 1923520796 4814990542 039345150
9 7736557940 3069732718 9001660507 1772357882 3953216954 4099421750 6571123211 0994686473 6403123332 4028317588 
6602752263 2798970718 7876948761 8303250936 1487162075 6484429694 4599237772 7644747444 2790981352 3302187435 6
525675960 6451535356 6399795051 0458397510 4927702364 0974460418 9123777096 9197318639 9433850577 5756352107 40
44035023 0819230507 6316238434 2144573309 9682166355 2424065635 2255822041 7290436258 0354677958 1163339490 192
5100682 5820247400 6722347891 9066186429 2334700721 4430104599 5350225659 2135799318 7704772419 0926496531 1065
568519 9105078849 4173425278 2312994961 0908021451 8047599054 1787612262 7412157127 7563561756 9573819119 93607
78692 9962793220 4284208238 1506260924 9316012759 3173378806 3381700459 8348556459 5537365124 9776753821 107230
8723 7832841308 8998279936 2935727745 6137045097 1708178626 0960728812 5830173320 9481748162 2556573936 0871679
140 8472860895 1138612708 3220263152 6864882568 3554117763 7135957229 3391637193 9461854196 6003346671 86290780
93 1493772670 1739459620 6652158228 5631721877 4737933925 8070265645 9576758417 9651340729 0709964744 498642151
3 8003776612 4000800945 2357398574 8770417837 9524117507 5907947221 5524807081 3894468806 8162972236 2608771479 
8708055453 4998229922 7107500255 0160674936 8152143486 1236188830 8636809688 9862536609 1185422914 6174771235 8
199028290 9142419960 9787702818 6569345953 9934310561 5681652457 1019886906 6650937453 4191034146 3047054929 71
13812279 7254989162 8162639288 4067335344 5922658549 9849651450 3187835152 5563757481 5593519215 1400946556 991
0433191 3268810183 9518324287 8762426281 5073288849 4074769120 9791865405 4318473850 2547877708 8005582515 1748
122189 4712043550 3263539567 0390446750 5978525451 0128695700 3484710403 3247667712 3217973163 8754358619 29163
05498 0933534651 3756206412 6894358537 6192466700 7404918054 4185544243 2205095862 2537005578 0960058441 386699
4634 1634703144 4623386367 0513391400 8877590404 4185160004 2629771349 5263156562 1955407091 9282320552 1520955
136 0193649243 1385784422 2726237619 9518265149 5719364415 9286213101 6259946789 3019698787 0845012475 00707242
00 1449450908 8732993426 8974443652 0609313770 8902697406 3440304910 3887623329 1216353770 6156124887 864422506
5 8201522057 6738840318 8082037835 7198512833 2789985590 2571821015 7103195139 4360544009 3746304992 2343432021 
4267739466 8447987640 3363996266 9103977861 0159217061 3601122202 2272815691 3285109974 8390084080 7820206841 8
415122606 1038426363 8563664490 5518587332 2000680867 6044864587 5202309146 1174018921 1336781623 7529007345 08
75481329 6742625966 0413672329 6587582742 3314177695 1715170213 5350298403 3412566718 2057791657 8643639790 193
3601491 9956416332 4159557710 7703079480 8197635574 5601671314 5930448762 0271064371 8052148139 3539387391 3209
095283 4011397325 1872570829 8024537901 6781034081 5624586936 2113024252 9899132265 9296760939 9440176244 64549
74491 9359871791 2430544631 4068772058 2896009018 2427202507 4881499484 9320950858 0760020866 3037389717 411615
1065 1347114701 4516433495 6776484635 9338495536 3579232029 0356041788 9706455285 3462948479 4985126465 8623606
650 4722754951 7124441542 8942809388 1302396816 2956536096 4144144415 0060489896 5054292924 5435064216 17887657
57 8520718137 4192827491 8729251974 9491704368 2075303823 0060946053 0859054831 6231389460 9989789764 628086578
4 0749865891 0824920774 2744213119 7474402940 3784470913 4480242801 5001548266 0500921737 8402633201 4775718961 
9095858419 2992912339 3077616856 1325965878 3093927306 8036493014 2094057901 1836280853 0065553534 7161788065 0
418291032 7355201166 0807792740 5447874978 3820308125 0681376110 6100415381 3279630489 9199690130 1934460282 00
88400143 3191602264 9532380340 9837121465 1917910882 4956160220 1143417021 6895574292 9828554888 9805734843 804
1562340 1164906865 2153571253 1440238740 4738129072 1015357451 0319187198 7751258447 7715058019 5268344863 0977
320812 7790242155 3664413364 6048331880 9863855660 7920047555 3365314522 4337306061 2099352260 8013032264 13396
80236 8815494835 5827410683 6234624292 7988995330 1625305652 4531340534 2284741465 8794445916 6337174227 443994
8009 2750324652 6161797767 2528737294 4079903921 4364223615 3908841346 4646929899 0380462627 6950079250 6192097
771 9445683070 5930365612 3998740015 0699278401 2378732842 2028282130 4992684442 0595670842 9186648604 47038140
44 5482013927 1804732438 6038691372 0484074224 8171351841 4247829996 3561122114 0963789208 7405087104 855657144
3 3743396066 6615927642 2751727974 5462566166 1136793836 8901158992 4166191027 1545597062 3269136252 4043277256 
9914876684 4464576459 4466941402 0332299881 6982343851 0163335729 0645101250 7019763825 9018379438 0584682418 5
827488576 0727404214 2045890560 5303909524 7182001969 6053029156 9224474233 9540368439 8192761044 0304110250 53
99860615 4155182609 3286421050 0101288430 0283030233 7588744616 8409480129 3018609634 3243364986 8269902330 368
4690595 3956630646 8747022398 7200027200 0622072773 1033777756 1264750236 4827231259 0116116679 1156567556 8898
426334 4405663777 2632559736 0783433946 2090680012 4887188459 4056186948 2871707861 8209565900 7796422475 94163
41855 7906180696 1342491397 6528936794 7695618432 7412566543 6653339737 0509980731 1161204106 0342156335 955760
5275 0573132774 3415724920 7537372762 7665877977 8228483366 0991130800 2111967958 9790260836 7599912878 6167477
040 0823199641 9815972970 7040780582 8846852451 6577935062 7701021423 0769284319 7154597033 4625967861 06368580
47 2483028092 5708566872 2658440198 7427195263 4469085481 6664851711 0418123077 8000515454 8565992133 123537578
0 0672791031 5895617597 6979660805 0882384230 2585179006 8777174405 8458254811 9630746028 0540309708 0751118824 
6686162571 4217904717 3971315037 0044956268 0069187290 3413735249 6023931870 7225780381 3668959614 0359937860 8
757866613 5668671740 2151630756 5341237727 7708694417 5877930308 8919119314 3179215176 6105946310 2182482343 18
79255705 8769863802 9441659407 5415911789 2892920177 0790222055 4715880898 0064640882 7502304253 5099192069 995
0111275 0635377666 8061562924 2638694006 2213815611 6877410985 7161345890 4108101366 0279391423 1245131371 0440
749781 4745407856 8890350289 3187747830 5251353094 9686563783 9161334294 1472906512 3295674303 4734788873 25678
51528 4387908420 3729484400 3596880357 2677719444 3333678838 3685939936 7609288992 9904924478 6521300492 814649
2015 4325137361 1516756343 3448798701 2949017408 4091863200 8879678375 6402306205 6811518670 9757822605 5614004
781 5071264979 4345008057 9910703628 0986605842 3603351093 8578629974 2563579884 1886047383 6069932317 97776372
96 2127549526 5096555518 4108047080 2814903140 6204797233 0869037237 1721608640 1536064071 4413093128 759270006
6 8633775583 5543394175 4756974521 2331399690 5433916571 2001352911 2047807794 8509266948 4943564727 2658150577 
8543383937 8562360665 4486850094 6280430935 4185645035 4731555427 6097544670 8252652415 9577050416 1868527068 8
405864226 0847560665 6428658212 3580527198 5879810739 3117995954 4460548593 7762289823 4067515967 1560710345 22
29153145 6947618724 0741015342 4794131078 1584671409 4324086756 7930159174 9804260995 1850673399 8999966539 385
9195146 6129658825 7875366093 7834857159 3213764425 5093723237 3170441898 3189572725 1331368578 2644221650 7538
247413 8322521599 5002968491 4035694973 4229496376 4052708044 7125795262 0997740716 3255170955 4691306629 08373
81223 2858080672 5669018438 5346409424 0317863947 7798590982 8160167444 4119132456 7789667845 3993580890 153372
0230 0815076947 0386479791 6387808618 5701606084 5901979010 1350104141 8605860573 1853640362 2977329120 1760904
549 0363383128 9296894451 9343861185 0042140968 4561499494 9406780071 0999230718 3717961081 8822377189 30191499
30 9243385611 2726894674 3369469159 7864093032 3442032698 5923105327 6709570043 4464772963 0957262057 057240321
2 6595920059 6093742712 3182497964 0908776025 7383356076 9559505236 5328959665 8093868928 7127715699 8757511315 
1423048129 4250828480 7517315406 7142051137 3208260348 5877706826 1819671184 1732798820 4263747129 5763150183 7
622060874 5258814317 6920750824 7691607110 8353711087 5715448736 4286379013 3046170560 8496891533 1003434405 09
41623725 1588059818 0593753109 6543533088 8423320304 2024671453 6264259390 3864208860 5397496394 7115235452 607
2751980 2063264917 8944571963 4769764811 6998955289 6190738598 6908590639 7240196388 3887388968 9206791109 2043
580567 3590575738 0792883377 3219790876 0989903057 5295300833 7188363439 6080675094 7567233530 1368349265 64668
25057 5748598396 7166373590 4658815276 5306104460 8907172104 9947800468 6094607397 3859678634 2653355121 912664
8885 9546547988 0166516487 2810836487 1121469112 9000822567 4206778001 4570422234 0321951450 5433220639 4689345
603 4574273793 6790712120 9155053839 5361228790 2433421634 9169335393 2012724046 3856807210 4807789109 36436692
30 5648600203 2946792177 2803530006 6784159150 4330221666 4441806814 5983134517 0146421516 8893585266 473473609
0 7716319513 7452865038 8820800751 0539927249 9946369467 5486782445 3839611517 2502850120 6237985852 7604716075 
6425020508 0192804601 9892615063 3502356003 2556941299 2657340039 2036633355 5061066677 1770133522 5390531446 1
265167230 1948103383 6884980483 9806816944 2140547059 1274865582 5228343010 4505474650 7605990625 5523225790 59
52874756 4195138748 8224190539 2877818624 0149009002 2795189316 9278521526 2869984260 8593990161 8020517176 363
7273899 0429764084 9012823944 1735234899 1135053183 6396782937 8124125151 0821285452 5045669858 1559305838 0299
168375 5444020137 1264162094 3175803637 3424761902 1573173170 4312016982 7585745704 6172295774 6614846538 21602
05894 3209570526 0311062361 7236328653 1308144438 7348792294 3384156602 1699560551 2032738878 5874931804 080149
4381 5217034621 8820914951 0169599866 3831858616 0697465500 9426273586 5544536697 4948258551 1539700011 7670851
672 6426287732 2731700726 8506479584 8695867867 5892337419 8520969158 2027045272 9879796657 5528356641 46723369
87 9586136880 3296039995 6662250648 6100128596 6733347018 3410375007 3978044894 7020182413 2860870654 093843854
9 8927120600 4946737714 5188195300 4022517280 5920375689 4030228234 7118500724 4708496274 1520144427 5783122222 
8174738628 1899567448 4112720893 6222016508 2089714085 7075637928 6404113978 8424439088 4344361662 0891708811 3
893700138 9913502212 2264964466 8648724704 5517934403 4420072580 4539843741 0541443589 1876685068 0764716968 04
33604593 1506480254 9997727710 6920026079 7726191203 8376131187 9165670746 6863016178 7464751848 6768379654 577
0266594 7269709110 9491839506 0535157620 4220156581 9228973791 5798822436 0425762737 3401147632 5831726850 3361
253564 1828460775 0086753491 3669096925 4499242983 9301164588 9762760676 6724098743 1854944464 2478012979 12416
12298 8506960964 6125172564 7708381547 5148752061 7536567723 5437821532 7663925362 6459709470 8878283857 559136
2656 8084393680 2967665954 5451739473 5817497585 3702423844 9204654448 5717019162 6999157051 8403474363 4525769
781 9337850691 2904215506 8347347726 1231154172 8672947944 5572418322 3909855391 1993365305 9249166310 82593193
86 6926092439 0651634276 9190184576 3607579718 1319261663 9877599587 5435600712 9697524903 3739827546 067785916
2 6631521808 1096441523 2788053162 2617577345 0289716054 3158539089 2900914861 6858154279 2999609723 2485979231 
3931953147 2209513864 2555130147 8614244056 2252505665 0431263135 6994972892 0444495097 6183165060 6724834009 4
721645023 7436846480 8940949778 0110818018 4480566607 2010805536 4603141439 7794985423 9723276168 5294282110 40
35137632 5097794205 6120242940 3662856984 4886642945 0328351076 2822107096 2444014208 2973048966 8291965069 579
6196072 4539823162 7724706601 3129343283 7719195779 6776427884 3373148415 9360719165 4990753848 1001800590 1346
747979 8042997092 2385312817 3737169621 3024371166 4894975779 0737418834 4029192693 7464769413 8310074990 15234
92639 5064722508 1471905368 4181193479 6065202056 5065147018 8550037958 7012701786 2270984483 3142093818 868689
0153 0365052435 3182966486 2131357666 3742150770 8615316293 5025921903 7283024051 0557111054 5452617336 8486136
646 7267049436 7171718802 2728801237 9673457456 7778854909 1640344946 6245240870 1941344910 9044162472 31616308
96 9417261773 4960531638 1669070711 0591075179 5723143374 8691153477 1108077104 4217824584 4412045493 555581747
2 4269778198 9380403177 7748059130 4868373029 0935600917 4546042168 7101954580 6224692495 7321754809 0568742077 
1094071104 8975101315 1350360220 1091677336 1574324168 3328770760 8741019483 8533711411 7834002576 0437754587 0
884046827 2961775373 1115174532 1110779190 8463655760 9582092077 5035126954 4327653001 4686824620 6646290216 83
60871016 2779124725 6923915552 3127001871 3114950174 4573082444 5944783230 4872047513 1198179493 8363650364 198
7568107 5908331135 8886332409 1636799311 9866117417 5124004512 0066938777 9521323659 4888309896 2586835757 4762
953342 8037795073 7955090271 5983991881 7203406820 4957263363 9699446131 5293287400 0987149616 1260258789 59785
63887 7285235673 5761413688 1675690704 4211232162 8731261445 5521209336 4654517426 3698243457 9707454379 519791
8484 7893347895 1222470803 3560415617 5488857141 7109777956 4323373586 3951938368 2010251496 5567640807 4970738
420 1927399868 6393443754 1979389623 8442665257 8037320884 8791670785 9543102781 0896378190 6006799256 13298805
79 0114493860 7767970457 3857306457 6629984703 7125658405 7203502629 6844030892 4361594337 7492426921 962089653
0 1833280220 4473529077 7424987788 0875208518 8826706392 4845812821 3383111714 5374659241 4967867532 5436184669 
4021933227 7292385667 8686130504 1742332312 2292426309 3821096343 7692274025 7634341815 7415602870 3021417365 6
433538412 7184999601 3630443755 4542168631 8826965116 9116889832 0139562282 1347004423 8394318651 6700392558 60
20225512 1063177218 1395040660 7017080711 9892887818 5109998657 2104532351 1679023099 7705858109 4359248816 320
7974154 0485343983 6850328566 4280232024 1259938072 6821529359 8379173310 6682816151 9282675110 6674566378 7927
781144 8790160279 2592678016 4010013830 9911230090 8296790555 3395570096 8509330254 8212587257 9680686468 38675
81313 4184493120 7885139176 8503054977 9502089179 4147528355 2941474245 6557213712 8543892900 6165719707 420912
4521 3577665513 2180557529 8725388637 2376816518 8031787861 6834447576 9680207550 6024618215 9070504540 2170037
737 5347494712 7748832709 7656231889 7675361011 7483844136 8271002747 6271592195 6821555895 5796192413 45481683
30 4366744946 0242342238 7682382419 5156569494 4225023421 8428376379 5339530025 0718299041 3473343599 457451569
2 2978431999 9256327727 1993682320 4363273468 9767013441 0082891671 3097802965 1223975392 5722506766 6697777348 
1903224135 9516118438 8445797196 3745753212 8646121080 6917712019 2258021939 0300526955 7183590373 0800406600 4
053211571 7561179475 6335334824 8266504854 7887854030 6849940032 1334692590 7345636090 3078289496 6087473242 91
41255511 5687341427 2498261086 1158777459 7052846779 4547900516 6219005856 1485130507 0417890872 2339918093 703
8786168 7168114846 3608965398 8834099831 6056261639 8498684134 2074110174 8148410217 4410956439 6320860422 9339
992418 0964050267 7940459687 8295593676 2207227328 1420162683 0491515468 4143512959 1182424459 2599243042 85166
24779 2629996934 3354714419 5391921406 3861492852 2697482872 0828004781 1377138467 6088042799 0673880172 709398
2305 7734835705 1603668032 0741894900 2366148445 0358935167 5567435289 5960612993 9358839633 4373976498 0636872
693 3140261329 5515378040 7608263764 6070513588 4958056573 4413267553 4838310432 6726892491 3309132796 25042291
33 0254397625 9873397550 8049834154 5097704144 2151760589 3246129724 1148065187 4858697706 4351236993 889968535
4 3589702115 2518775597 6235078150 9069611084 0832972066 9972030392 9045584481 7301802586 2073686558 0209407673 
7008272234 5722386962 9517385830 2649998227 9419758081 9682660082 3791441419 8141768254 2158430911 5896573702 1
239249214 9225096072 9899095851 9760378082 2712208959 8553023322 9539754901 1953689900 7584484072 7510498496 69
38077782 4638359588 7440974290 6456095706 5913616946 7327962684 9054174686 4115854360 3997289950 6757881208 161
7101358 0900444885 2113262375 3134740084 8687885444 6475009572 1978778638 1955978081 6263746408 7753332957 9780
805562 2784798939 6396522367 6913727211 8985742601 1630292329 7644426500 3779060334 7780674046 9039420045 91368
55655 8285462933 2579184576 7923219932 5256239314 5520610170 4453348479 0716980421 3590962707 3433014381 569872
5362 1460618522 1054612339 9437759554 8925845572 7122307006 9351640858 2161947901 1186062383 7551918917 9643258
956 4105741081 2213446537 6946230330 1476940146 1265797498 1343180503 3869677065 7787994366 7294532616 53499212
35 2839093871 8436354153 1838690869 7786217753 6816301616 7404000307 3151070749 2539648383 5960562702 859672995
3 8093846105 7723985147 2382639011 9780976022 1737325299 3900136082 5439320013 0136259724 6641851937 1856383022 
3279152540 6045134120 8105765203 8665808370 2438032525 4221147870 0773974744 9425381083 1609101123 8994555125 6
284328098 0246617694 1931548077 5837354052 3691628401 2242076985 6572548414 1991460677 3099025400 0873129368 77
64653962 2956492397 0141823444 2069859769 2981999215 0495917743 3444578054 0331340184 4520108426 5502537305 737
8243724 5594475921 5883330810 4259185034 5595494711 1452104936 4206713520 5504574648 3174282944 9849344196 0654
059203 5708105572 8640508431 7841199155 4142392082 1770119302 6784783018 1339412214 6311775906 5526016927 59184
22964 9389057467 1521666181 8231534752 2344470711 8559783065 4032555020 8987083092 1176334636 2912602598 533630
5073 0230941648 7375749603 8759746072 9115165112 9898355449 4038164264 8622441897 4316225702 6238892230 7519513
127 7609222739 8186850220 3754575543 5856294498 8857000795 9154029636 2621549954 4105567688 3403251966 06747829
73 4143968388 1403920232 6274884491 4178296525 1716041789 2131875503 1099908478 4520291739 4285544588 468597512
1 8393555420 8913075234 7248619214 0286447903 4609077360 3733826081 0460154634 9225038112 1916699777 5356273965 
4347690493 6091803680 8524870279 7964885475 6207160088 2979601233 4956425439 5021736642 3131850310 5933066010 5
182831321 6965682651 8412667205 7143874854 9968840972 5555355171 3310981213 5748561513 5431581134 9417576165 36
10123875 1722376748 9307356721 7137945894 4200588874 5722326444 1538864197 6642013735 2103097069 1418962833 036
4544353 5838868312 1187379528 4588685159 7529697186 1655947105 8830353003 9519816058 3764453196 0183840855 9200
810148 6760992542 0185718514 0843161835 1047205444 1500400484 9433521338 5565403314 9908080438 1403259178 58403
09489 2372932210 7219091035 0825747394 3333721920 6321989710 4733380275 3809649287 2069617532 6555065921 700888
1421 4156656725 4245888469 3911069935 1435720290 3759167712 5292221429 5874367854 8671879756 2888137989 7327814
282 8309390245 1068994332 1394828401 2720722927 5403291926 5567036189 7707386612 9705774662 3540443320 42688636
02 7584824220 3470380099 6302065914 6337389867 7740159063 7654533708 5943259552 1814547450 3283917859 231886464
3 7686961346 1802143471 2066251453 4360494223 0224862211 3743514109 9463485305 2703410155 9272844435 7869546474 
9448161579 8849196232 5912128805 7447334799 2287706621 3334515692 5007765311 4976459060 5503314424 4919082424 7
238768495 5474124405 8989303950 6019008429 2973225836 0365830610 1296045743 4483256637 5040494313 5912272063 16
42374151 9764783216 1407697692 6469507095 4976283041 4265304207 5148266808 4899990089 9065574064 1152448772 896
9019539 1883744972 2980600824 9865565436 8215080055 5921302401 8310153596 6595093384 8728209209 5711644827 4239
952070 7530607442 7485586318 8226370323 9980739042 9241770360 5759999891 7816649827 3672302215 9307891536 66676
61707 8818529867 0751337438 9464748367 4519808909 9933516180 0165073369 5320017230 9375062988 2887471653 302755
1027 6329707520 0098294828 0657066121 5340271546 1250304572 7489884529 8518811062 9019580845 2632701773 5419570
941 6785143798 2682329260 7412106598 4899252570 7126429084 8947876337 9242071687 2452913249 7293215680 33565343
79 6709997186 2704170207 7919491953 0161313848 2492979975 6219897024 2870991877 5281876295 5902587421 828358515
1 6349009338 9153150725 0476763658 0399389845 8624691024 1895599251 0935401456 6541850128 8582917591 2688369938 
1037789533 1449426870 3850587641 4219986581 0606087929 7829875140 0774336135 1842219808 0956574894 2521442479 7
424203725 5012283365 9377433147 1005661470 1518137252 7115261348 3277679504 0111959063 8278355954 4651262493 40
24089200 5613337827 3870738548 6032213429 4817102115 7573163166 4358824154 9624475588 6684657521 4175056796 562
3979705 7421738926 7356721146 2355097862 1479646249 8087200227 0785878098 1261983794 4124040055 6627575093 6554
334189 9837880224 8348442072 9566424752 6692481760 2385294514 0652295554 5940284390 1499355208 5489736233 08110
76254 3871297980 7603749073 7032507056 3722007543 7988870305 8969818922 6975581157 7061170129 8643328298 693634
8876 8195747041 0046251943 8207231533 1185230975 6147450550 8624629521 4669426072 3747544936 6866280772 5663953
347 6163919235 6127303416 0596316366 9682862879 9655644199 9348152684 4791635235 4520191366 0639960867 80099718
05 7957947833 5799062208 1799784552 2776208782 2722693629 9750511779 2443066979 1363090125 3429224658 745840527
6 2881639940 6315475933 4171600967 9336211018 9099721904 5867800023 6340918726 7411192552 2571506660 9565260927 
8678541032 4765700173 9006879333 1930484435 0168872683 8357312531 0142296389 6709365101 8291459337 6648869613 1
058833766 1817618301 6913087424 5190177380 5124540829 1586394456 5199995689 3474716142 2802428115 5905767552 17
47384373 6833163786 5724321378 0312978859 4247652523 0331227538 6475912439 1240971469 5635901374 5892258983 815
9617404 9165795898 4207095272 5753564096 0146121237 5997783212 7949551656 2129685528 3670426943 0587087911 7982
406520 0701710103 5184012596 2843486056 5199460250 7234141383 3280011533 9626310302 8509411089 2551926275 61400
54661 6458789145 4923388962 3322765032 3393891134 0448863691 9446878205 1087855607 5837125434 3993790045 117208
0173 4098851552 0113353341 1798922843 2887464688 0712871600 1392917864 9125850608 4391614677 0573662906 3449021
329 5230539534 9360569132 2626762196 6247842496 4193480152 3769096192 2373083823 6652299212 6497267462 33931375
45 9143904472 5722163571 8582969109 1993312374 6714721372 9105179357 6927014920 7532936041 9555551891 381326129
7 6070136941 8279637903 6169765335 4950127628 7851452892 4585957472 0154907034 4200993540 9123723107 3723255535 
5500190628 9615726737 2537908498 7846045255 7385209994 7134794787 1468991803 6927148597 1141678935 1743335245 6
990527315 1707144539 4840167858 9478587270 8676915374 7288600939 3657257026 6019847656 1578045977 1510005776 97
44579789 3011488357 9939380046 4849767425 9079868209 3700968662 5010493796 9092507689 3000028227 2951954111 533
8279501 9679079757 7967623681 2963020487 1818324073 7789908182 9035141952 3840554608 4755616080 7837288696 3763
229491 1020607428 8803736649 5139352661 3126512540 2128525024 0393671454 6377239291 8871185777 0849486904 64357
69853 0381259377 0933007587 2125175481 8794182333 2217080288 1830007904 5274678990 0594291606 7874019132 234316
0384 5588821831 3825305889 3007430490 7368022071 5968737783 6588458649 8787793162 5815100290 0745319690 6007109
414 9349890016 3430431061 6029726347 2802030106 9836564652 2535436065 7044508086 1204786508 6126260926 50430573
44 2187288740 5575029435 8269799677 4179844700 5365046589 4058689907 0118089835 5336047763 0877411685 686951836
3 4082443720 0780764691 8011116346 9771167987 5954100142 8362653001 2835856796 0761947895 8055925200 1202417815 
1773148364 5969061791 6190438165 0853515554 0521647046 4882252629 7764526578 8793743788 1456164615 0771918728 8
070075912 8995610557 5577718116 7777313284 6039980679 0863595631 7087934410 1374257561 1563631471 9271278024 26
08329879 4070004967 5385413820 6724901173 1686973773 1945833389 0326543749 7897316742 8594492751 1446791070 693
0211142 2613974440 2398726037 7631966618 6016799353 8525112083 3107996139 8592048311 1831967214 3034998321 3762
675190 3528244308 9440825083 8716126605 5731610237 2174895241 0690849393 6723414657 8235291954 5172990749 68470
61913 3997298215 2173361635 8470613377 8960245982 3379666976 4252604449 1283061186 3907256795 3807584440 400914
2432 8293711066 9478683469 9811215460 4796519946 5661799335 9790041565 3107525544 8964774044 0500097521 1316263
572 4601411524 4822735174 9938088850 9236338564 8757088704 3476393851 3455023717 4116477915 4952622130 42631529
68 3588221965 6011745178 9078990770 1103215898 5322949535 2864952146 3717673605 8150436616 0083495829 962452457
6 9376466747 7535614118 5322911464 1239201460 6533946414 3445449291 6583992782 5980660558 1311036565 7040746996 
1337588938 6637037195 3478766779 4437950555 5164660660 7752651848 0041913276 9952535098 9647506799 4849498704 2
047787757 0362115279 3853050676 7142163904 9891542260 5239971500 5997431566 1899437169 2348410942 6702852618 81
92031484 7911714838 4058697397 7441876108 8687680745 6828181815 4210524994 5945418383 6708009770 3247163591 905
3040084 9032881386 5189999159 7446597869 4173465654 3015522623 6368320504 8269076825 1265405652 0195624213 6309
469499 1270851661 2592020073 8080645435 2693168613 4040537832 6472992616 6157346490 2951403398 5371239347 19419
61262 1257088934 6648752906 7942439306 4082123483 2830211723 5058938768 9817997963 8568672531 3769853287 120944
1634 9228196950 7786808938 8401578464 9506405031 4870909619 4821728267 0420532737 8540065315 3527534254 6539281
917 6492529293 4080048234 8605408582 5109697356 3388599893 6383534107 5220764893 5706271177 0447992275 70500708
66 2193605195 6496167433 2455368585 9535208295 2714030633 4304141086 8004785779 1405364263 3354181854 454735364
6 1407340504 6895371213 3960874010 1273452097 4619692653 3460881901 8526771712 0343233795 1367542783 1553077297 
3103773679 6694266406 3376693200 7287842772 9092121708 2515721401 5315901485 0365626013 6195867734 4856635683 0
157136842 5807898421 8962688602 4578778957 9899675942 3433315642 4047057578 2897762049 9741933112 6291387629 98
89624459 6491449058 9121794834 2419575762 0955996181 9328019937 2325279031 4868124114 7898889340 4003177860 277
2938152 2173419275 7750005028 2993435488 3521200321 6712941863 0278813401 9864129770 2491357851 0450794071 4349
793015 7061547921 8330276316 8619193595 1119261663 5645284671 8859431256 8302043432 2967052378 3942489044 38032
56605 3370026662 2667834240 7242353603 8381871639 8110582361 2023851827 5892091342 6085061596 7101451842 875050
8260 2423218630 5224938164 4108840843 3285340649 4149647154 5968885450 3031458382 6515292026 1207786207 0153171
676 6841123556 1314032235 1479507148 3914044500 0175287959 5869436055 4823209253 6369190243 3945691282 61302989
11 4780128197 1840870995 0200020584 7665033319 2981674747 7054159128 3382498387 6624174258 7877243492 039216194
5 0386618121 2662638866 1514608640 2336713506 5695684538 5320902034 3598408291 6219955161 0853136939 9849981283 
8712624196 8851323701 1257165789 9759115000 8187782343 4711714543 5546578195 1240275415 2612559468 6697048728 5
679683830 2082768738 3178406414 2199732900 6433171275 3621358837 1475927371 6386816855 6436645879 8297031406 73
53467226 6443243921 7531193471 5950333633 5120946716 9126012308 7917760280 2976986261 5092009649 4867889852 008
1547946 1160904938 5544087419 9539577496 0748426794 5248919275 9224359267 3644750584 6668277744 8939388176 9103
955934 1832680696 8930582182 8316415498 7949674283 5292227006 3720735028 8114835841 0664015395 2542595185 57807
64317 9368683574 4001481891 5138530069 0934338884 8657051049 9954148287 5563963216 0805576775 6183646384 538671
0682 1689082484 5594969840 1872744586 4027145172 3380687661 7010086849 6120704602 8669920287 0806744075 4106667
758 9091895941 2373964469 5748064875 0074553579 1522392731 5597025861 9667354239 0487479078 8240678624 39227541
71 8129047732 4710844724 2074292235 3659424977 1148195728 0340273612 4593753499 1968153971 1793974093 639845324
4 6965849557 1787187552 1533386898 8644868936 8178658673 4921106271 8746928396 1669091450 6164184247 7210810033 
2044366593 9714073434 1433301261 9179060733 6897829811 5391912377 0600267026 4400106717 2646757377 0785377365 4
465289737 7607155461 6088449734 8385421140 1624916962 3606351475 8988098036 1455509670 4842512562 6515207041 66
12913595 4624304157 9005569465 8039173590 8417414008 3905518552 0551526835 3543512254 5751127120 9448879936 235
1025170 8118941167 2374155422 8898964405 0637907868 3105414051 2845058053 3067484982 5654650165 0044292139 5879
767910 0897310978 1354055841 9719198256 9982441859 9308232243 3386583764 7259415363 0137391437 9166227038 04047
76878 5576463612 5936371912 4061150734 1065110318 3812843200 1007650932 5808984613 1195820128 1084771530 145668
0328 1925349226 1646439901 2079769243 8296484564 1156889496 6269272407 2935919225 6431222065 2729680610 9152226
283 4844953930 6034685423 5348576155 0476152148 0891597282 9882258930 9038290839 6894204269 5049087372 47793546
92 2404499887 8416033081 3628098567 5918421468 4700663074 4220149340 5633364358 4071549245 0110010182 292923976
0 5995349687 9202724790 3804693636 2568311234 1396413268 6758126001 8993727268 1842695745 7590655626 1463658693 
6801653489 1581312382 9525836717 5471223248 7982914891 5068763637 6985501544 8636547921 1139820918 5612057365 6
259737755 4560700447 0034745228 4971390981 5080530158 0563535911 4808132020 8203065944 4405280422 1965899166 30
88559940 7635372194 3104390304 4088460581 3856825199 8856361821 1065602786 9970129021 4477662275 4839644666 277
6765270 9392601941 4259605311 9972838288 6572016378 0881372988 4038079375 6704191945 6531218126 6587654070 8480
935006 7330701275 7250322190 2934705302 3151373145 8980596368 6557250840 0564715990 7537419331 1457649041 26536
53764 7647345567 5858618623 3293624019 2799016214 9294017891 5725126039 1636647184 2426133875 6015847705 514440
9041 0737672241 0506216218 9003533549 8176729515 8144674684 9327412964 5672592150 9040970129 7680858307 1195468
020 7222129654 4701206380 3948868256 7027330842 6307584636 6626453102 5114444933 9548527996 7945907330 89922768
93 3185502178 2315043520 1895955538 5441698116 7095123477 8233211486 9777619014 4371196243 1089568408 768915579
5 7708359223 3471739912 3037738258 0735507609 0796685771 0327653203 2137400758 7481419370 6447953551 2452964005 
3879651256 5498452621 8593148203 8810286122 7077484175 5073939533 7220437535 3178709051 8249650314 2659068368 6
895035584 8889080035 6001324074 6100793500 8908302559 7630536803 4442955633 9259773587 4009829711 0061067712 74
72109124 6900669955 7898169016 5649034316 9553021430 7242209399 5095678409 0029860346 2939073870 3656473842 376
5871970 6113460920 4074374645 9619755375 2811633106 2265236812 8369509432 7909111832 8188266683 7185611468 2565
972723 8110366075 8522767955 3989735828 7446082268 2868933828 8947533471 9523818873 8296819590 7205728651 64351
20586 7211464123 0348496941 1370899638 0592274843 3124132739 7976974821 3024485033 0031109034 8524415809 719122
1744 3637065387 2313407392 5079512907 1165620598 5468702538 9351027797 5653646103 0477818833 2126605468 2654707
731 3863125684 4477028304 7961015229 5097213096 1195924896 7079278513 9888773713 0273824244 7777674737 71037955
14 0275345780 6002168768 6100570323 1950287798 1733103184 2365950860 6304917606 1356015285 0024563931 331973337
5 0661843384 9881737471 2363986645 3940505807 5722931921 5141497607 8956794335 3773023519 0998521746 4591198449 
1910373161 2771436616 8017834046 8133145094 1726374871 4242573566 7916504579 4458243122 9580810218 2712976066 0
136830182 4769030572 6484020731 3829409181 3304646253 8034309185 5339142469 0489203607 2362805458 6165736438 14
31065222 8200608501 4303489463 8183051706 6892341082 9509649673 6500766757 8129783102 7634723708 7213983269 051
6878345 7021330902 6527529064 0464071668 3756836050 4706278768 7494965711 4756110894 0949000351 8988064653 7842
418024 2074611515 0615440456 5063843958 4993533058 2173714952 7571941822 1001826492 1217782909 1807455796 38476
4125